NaN,NaN,NaN,2.20439982331716e-09,-0.5555343895716368,0.8114485767816,3.297351383589725e-07,-0.555525222631388,0.6444918015702864,2.220446049250313e-16,-0.5554466414128754,1.22929965405972,1.706202601425844e-08,-0.56156295813032,0.1036325617327069,6.805405750043292e-08,-0.5626377557732657,0.06867605535950679,0,-0.5626376773171,6.285478890544375,75,0.05,0.1,1
NaN,NaN,NaN,4.397735233385543e-15,-0.4944653187399046,0.9467047319283773,2.171638769447583e-07,-0.4944635399921348,0.8576653222243786,0,-0.4943591095638165,1.946719080029935,1.199292887221759e-08,-0.4928739539932749,0.1704671515318109,4.746742998662512e-09,-0.49446535650018,0.04479326273563925,1.110223024625157e-16,-0.4944652951572477,21.73234258433474,75,0.05,0.3,1
NaN,NaN,NaN,3.010172737548556e-13,-0.6039755289940585,0.4579830949157124,1.917264040618434e-07,-0.6039738679190525,0.4915844608549807,0,-0.6039075896472,0.9330910266217697,2.628659556691559e-08,-0.6030615627619487,0.06368857974183989,4.413563758909334e-08,-0.6039755469440462,0.02012661066879522,0,-0.6039755052330995,2.504635569547891,75,0.05,0.7,1
NaN,NaN,NaN,1.701736110583267e-14,-0.5731589423378356,0.4086226049053894,2.032788979450363e-07,-0.5731575449394406,0.503730506404917,2.220446049250313e-16,-0.5730906318680811,0.9080618961997921,3.217245736486518e-08,-0.5721415679618544,0.1949031012288771,2.379982100286782e-08,-0.5731589546702344,0.01835310979997991,0,-0.5731589278737795,1.541273824456264,75,0.05,0.9,1
NaN,NaN,NaN,6.72931265044185e-10,-0.50309096241593,0.5153381205648319,2.125715989291868e-07,-0.5030891526967776,0.5666559936928767,0,-0.5030001893994165,1.052399266887527,3.315763241751313e-08,-0.5017723317518428,0.06689273736857328,4.742716086525434e-08,-0.5030909814230671,0.02652057782070461,7.950176767848799e-16,-0.4691273231587011,15.46115175987017,75,0.1,0.1,1
NaN,NaN,NaN,2.731027177855518e-10,-0.553274586737147,1.026735799344065,2.08521479963967e-07,-0.5532848357294691,0.7255204396258317,1.110223024625157e-16,-0.5532156458736868,1.062026465450904,3.75639961358587e-08,-0.5523876751323343,0.06881198474268191,7.753335840021691e-08,-0.5532958468941698,0.02280744017030441,1.110223024625157e-16,-0.5532953026991516,10.27901129497658,75,0.1,0.3,1
NaN,NaN,NaN,7.828165792548534e-10,-0.5263350701806234,0.4908360940842778,2.629607907037535e-07,-0.5263331833758375,0.7086591548061987,0,-0.5262352002378894,1.072543246310839,2.445016678009893e-08,-0.5251390785319245,0.07644215411824497,1.809361416249544e-08,-0.5263350792138062,0.02533799218708112,0,-0.5263350552634672,3.000630561305285,75,0.1,0.7,1
NaN,NaN,NaN,2.846865596122431e-15,-0.6135185917590038,0.4450426176374416,2.234336320378676e-07,-0.6135130214946189,0.4963276411645524,0,-0.6134531915019663,1.156063923057928,2.861600334469472e-08,-0.612686136714546,0.05924482165687346,6.395153118177177e-08,-0.6135186157832224,0.01789623603986356,0,-0.6135185875521171,1.355953367159612,75,0.1,0.9,1
NaN,NaN,NaN,5.36000957754598e-09,-0.5057993970118909,0.6492255423393598,3.097529367037554e-07,-0.5057953014923788,0.5649421507200104,1.110223024625157e-16,-0.5056975838429935,1.206070077638333,9.898055042256715e-09,-0.5042434590053182,0.05402135752674977,1.700192653331101e-08,-0.5057994078493595,0.01735478399688269,1.110223024625157e-16,-0.5057993618330761,4.497313129192572,75,0.25,0.1,1
NaN,NaN,NaN,5.960354196993566e-10,-0.5598515917701006,0.4751709878365857,2.574291867108617e-07,-0.5598511118748916,0.5348526714277192,2.220446049250313e-16,-0.5597698495111192,1.242506703961662,7.882860342256492e-08,-0.5588753830274095,0.06499803279976016,4.995144231578763e-08,-0.5598516207258966,0.02699670824343744,2.220446049250313e-16,-0.5598515666490457,1.724486621150461,75,0.25,0.3,1
NaN,NaN,NaN,3.453851211053635e-10,-0.5752305274541696,0.3913920452614639,2.240262248307818e-07,-0.5752299846373072,0.4997794923339604,2.220446049250313e-16,-0.5751685297241793,0.8630224502479579,5.281482118313363e-08,-0.5744377708166175,0.05362036584638318,2.307217128461048e-08,-0.5752305375408893,0.01503492252402741,2.220446049250313e-16,-0.5752305235834729,1.242884663163213,75,0.25,0.7,1
NaN,NaN,NaN,2.278884148638981e-09,-0.5293758277542165,0.5509912650268045,2.870069591183214e-07,-0.529375482554554,0.5808202130013435,0,-0.5292448730880637,1.088883468494967,4.451015200857e-08,-0.5281913514248502,0.0666741176106333,1.888050538134678e-08,-0.5293758438996397,0.02371741187433781,0,-0.5293757665370989,5.159506334686838,75,0.25,0.9,1
NaN,NaN,NaN,2.145451980072708e-09,-0.5684260478151638,0.4879196536519317,2.670767131345645e-07,-0.5684244760134859,0.6167656056371426,2.220446049250313e-16,-0.5683528401081748,0.9745396713680613,2.959158629245451e-08,-0.5673598113467804,0.06019217394128001,5.755586185429706e-08,-0.5684260757751249,0.01933633233827991,0,-0.5684260319903029,3.07548762778306,75,0.5,0.1,1
NaN,NaN,NaN,3.542741513060449e-15,-0.6496446801132434,0.4045628473278927,2.740828146934636e-07,-0.6496435942163377,0.5084921882138652,3.33066907387547e-16,-0.6495687663499259,0.9238621766674193,2.441582847012569e-08,-0.6487382907942437,0.05866976484971874,4.432390543485099e-08,-0.6496447048499103,0.01663511342929444,2.220446049250313e-16,-0.6496446760689648,1.209457739932353,75,0.5,0.3,1
NaN,NaN,NaN,7.605114601277429e-14,-0.6280908291560514,0.3994443508881098,2.362392833853337e-07,-0.6280905067681094,0.4783709920654998,0,-0.6280306854202546,0.8647487534142818,5.292050708760598e-08,-0.6272582279855292,0.05852175285470584,2.030034806921321e-08,-0.6280908393635729,0.01841427802240871,2.220446049250313e-16,-0.6280908124533047,1.595606309237836,75,0.5,0.7,1
NaN,NaN,NaN,5.824332497144618e-11,-0.6420662560161978,0.4633281403274539,2.094247268054172e-07,-0.6420648945572799,0.4898751488615536,0,-0.6420022944386432,1.007433449351579,3.338364451543896e-08,-0.6414631957024206,0.06637167473306868,5.777105438475871e-08,-0.6420662902792884,0.01980189047565467,0,-0.6420662058220764,2.612112667334734,75,0.5,0.9,1
NaN,NaN,NaN,1.792012823114598e-09,-0.5861089013488363,0.4085066873480706,2.392312108321811e-07,-0.5861058477551931,0.4926031760655542,0,-0.5860205662911296,0.9266049295545972,1.899085466661177e-08,-0.5849232655675554,0.05980930617867011,4.164488531799293e-08,-0.5861089250646446,0.01742614692304962,0,-0.5861088890357224,1.385723034819822,75,1,0.1,1
NaN,NaN,NaN,3.090287471211489e-10,-0.742185752566962,0.3382410133686548,2.345051902349925e-07,-0.7421847084738791,0.4170396543768884,0,-0.7421232885751822,0.7787745513008819,3.77616706792594e-08,-0.7413770653006366,0.05055591341902423,2.414993005572796e-08,-0.7421857660644199,0.01544006760221323,2.220446049250313e-16,-0.7421857525194824,0.7240365438595033,75,1,0.3,1
NaN,NaN,NaN,6.946030174483945e-10,-0.7228416152529444,0.4096250841063058,1.387573938409865e-07,-0.7228402814012544,0.3977055875283281,1.110223024625157e-16,-0.7228124939675893,0.8358622491630904,2.521211839301429e-08,-0.722299449829561,0.05444085070649297,8.99510232965639e-08,-0.7228416751370704,0.01486199014209907,0,-0.7228416162879081,0.6974340308272737,75,1,0.7,1
NaN,NaN,NaN,1.95391746397558e-10,-0.8258421077594578,0.3607694207218303,1.662836515563548e-07,-0.8258418000289953,0.34853653139931,2.220446049250313e-16,-0.8258125218836827,0.7401094382567207,2.815208910433853e-08,-0.8255282709302936,0.04905162824521963,3.92719701203248e-08,-0.8258421351153838,0.01698777466230988,0,-0.8258421080322987,0.6741980355183478,75,1,0.9,1
NaN,NaN,NaN,9.73932418559963e-12,-0.7911006162877822,0.3366310053412696,4.323313501021639e-07,-0.7911003383098747,0.468691309656952,1.110223024625157e-16,-0.7909770140877532,0.7391050711477046,8.36872633414032e-08,-0.7853191143495151,0.04706592650600317,8.568820319965198e-09,-0.7911006208159179,0.02066164382423727,1.110223024625157e-16,-0.7911006162894243,0.6898850414999959,75,2,0.1,1
NaN,NaN,NaN,5.094184296318569e-10,-0.8596962483217064,0.3318481789616052,2.827641221405705e-07,-0.8596949595146837,0.4004060512740736,0,-0.8596298149198758,0.7766027018230396,5.725962770597448e-08,-0.8588737821341808,0.0529735685314416,8.803556328373929e-09,-0.8596962536117962,0.01488388987605506,0,-0.8596962481877362,0.6904234728900173,75,2,0.3,1
NaN,NaN,NaN,1.515083477161873e-14,-0.9041842478182326,0.3056062563764096,2.499525262230911e-07,-0.9041834577248244,0.4207905501892817,1.110223024625157e-16,-0.9041422667848158,0.6811262806624594,3.363417300228377e-08,-0.9037755419078324,0.05139641010499035,4.046203283536443e-08,-0.9041842833862272,0.01516707609100321,2.220446049250313e-16,-0.9041842448091527,0.7092791438261252,75,2,0.7,1
NaN,NaN,NaN,1.767134482097117e-09,-0.9083557910758293,0.2828705567138921,8.602552917055829e-08,-0.9083552982415803,0.3439949796747814,0,-0.9083419376368029,0.5654530186517769,2.480856386988251e-08,-0.9081638375117846,0.05797274917932635,4.088370730848112e-08,-0.9083558266882827,0.01582633359940252,0,-0.9083557867505696,0.7445864235242411,75,2,0.9,1
