2.096223281814015e-06,49.29584984085294,3.89201241186301,1.087304527938639e-08,49.29584984085294,0.3802824612582379,6.247106937799916e-18,49.29584984085294,0.2103061658323372,1.844876879532099e-13,49.29584984085294,0.1880813341015861,0.00533638020258298,49.33341963164868,0.7466816239332376,1,45.98787433125055,0.0649765106474241,0.7066030527839158,49.29584984085296,0.2149424905434683,1,1
NaN,NaN,NaN,1.91459021933994e-06,155.7777193195612,2.713237331947861,6.040464657984833e-05,161.1611778851477,2.862044513852337,0.003460100150451075,163.1457728143219,2.146145986647204,0.2966292920541911,199.0402002187578,0.1991875198702328,7.74384902868519e-08,167.898427204452,0.1497352775262665,0.08918517857534759,161.7144990164149,0.8721746511334623,2,1
1.737195200153729e-06,40.31462168043838,3.988305542067501,1.754659040075834e-10,40.31462168043834,0.3770363920716922,1.292991208301169e-17,40.31462168043834,0.1503918919633263,3.418499987744194e-13,40.31462168043835,0.1813724638786543,2.542924175257216,117.6069659092846,0.4151540117669536,1,39.05336368168211,0.06926697059469861,0.4862295840006818,40.31462168043836,0.2428657840822161,1,1
NaN,NaN,NaN,8.974577648420109e-07,136.3885339516026,2.320451632927232,6.03454326235384e-05,139.8278034170629,2.336671784156222,0.00346135554204621,139.8314106878918,1.928214937581982,0.3785133761068844,189.5797238244668,0.2956751046089878,1,139.414525734865,0.0342183343062353,0.7459035665409954,148.5294193115451,0.5437009191091793,2,1
1.762857944391783e-06,20.40643931480226,3.927230959880442,1.031334356170983e-07,20.40643931480226,0.379112713399692,2.877609460032003e-18,20.40643931480226,0.2077084042872127,6.603047634051378e-14,20.40643931480226,0.2344555310798759,0.1904278411177165,23.0349772044385,0.603719783086911,0.9999999999935486,19.66466666024536,0.06874402005109434,0.8163416678000279,20.40643931480226,0.2157010520179095,1,1
NaN,NaN,NaN,2.143163711642009e-06,181.0515993929964,3.00709815687308,6.2803301760598e-05,184.3225144181487,2.714923233880852,0.002865567643302452,186.3196175505628,2.529589561227503,0.3200190521315602,230.3254936266548,0.1945085284360494,2.236107367714624e-06,186.5132849973572,0.04782071216424499,0.6351694080733548,171.3075985537518,0.2704288647555499,2,1
1.91787739273226e-06,62.10596313310047,4.273165198755189,1.075485671903174e-10,62.10596313310044,0.453714157120774,2.919591709728663e-11,62.10596313310044,0.2934666297140121,9.578082038759069e-16,62.10596313310044,0.2739664269526823,0.7379610279516224,88.90171139540277,1.019249866147316,1,57.18708505622713,0.1034917237884727,0.3332493217744448,62.10596313310045,0.4523408927690855,1,1
NaN,NaN,NaN,1.18705724445899e-06,190.474002835249,3.252757667361165,3.180882933727091e-05,195.8936926046169,2.899952198166917,0.004049508619470331,196.5580704366285,2.328960434732374,0.5351097251368351,253.1736426429632,0.251840899187973,5.041471185407431e-06,196.9882178609274,0.06156128489514936,0.191100912906732,195.5033230672846,0.7856669261911001,2,1
NaN,NaN,NaN,6.385785257579306e-07,137.6888323091448,3.84941138801269,4.366123525150868e-05,138.7210974145916,2.907968633539669,0.002861251644740051,140.4261113240645,2.886830481711079,0.3952419863384753,186.5288798364288,0.5593984973761853,1.922815416444124e-06,157.6831710790715,0.1581379788962081,0.5442249965670706,150.0641243972695,1.012222694618782,3,1
NaN,NaN,NaN,6.522439360630695e-06,315.4067329952292,6.277110926683466,3.191560940366778e-05,320.7656521803419,6.742366243599047,0.006387434074018458,322.8642876903914,4.930816097361686,0.2076011250013239,362.7533593700675,0.4310479324763237,4.506807194104567e-08,337.2767942352177,0.19548835273977,0.3124506579340064,328.1530118164545,2.284152068731938,4,1
NaN,NaN,NaN,1.272447550764537e-05,302.0433055419604,8.720012278954281,8.563398139481361e-05,305.6974213330616,7.141221189578445,0.008825107397898034,306.3929726777773,5.211224821913629,0.4025079809691967,392.1217093056749,1.133115267361769,2.236068024297211e-06,322.6692703348616,0.1977462908269566,0.354041745580047,313.3163819563805,3.887611320501096,5,1
NaN,NaN,NaN,6.808987902621139e-06,520.8317260488705,12.92285667681354,2.995723803588384e-05,521.9889782318211,10.96161429735459,0.01528382751610313,527.1621411717201,8.133810017542443,0.04670231343843789,543.2518221836672,1.056242292615183,5.362559285515545e-10,535.1297056402213,0.1922052805544711,0.5819481462885081,540.3073315521112,5.816056205289616,6,1
NaN,NaN,NaN,3.517517125903641e-06,455.8406540321836,16.44641701473399,0.0001266921714754818,457.6274248707208,14.10852375403729,0.01004016985709935,466.7101802954405,10.20885927306476,0.1974997077954468,523.6974704176663,1.819904517159952,2.203803806111182e-10,475.3211301243451,0.3474177570594548,0.00996566862983205,477.2191954805998,18.14966655767144,7,1
NaN,NaN,NaN,1.557825730319097e-05,693.8693660243231,16.69200553987753,0.0003411897360785433,698.1495914216329,14.44471487679134,0.04430303384696747,697.1558726704296,11.08302528966174,0.3970574478590672,861.1668047654466,2.495832631660823,1.645549578821459e-05,711.0521354858022,0.3881388020241395,0.2964029135242676,697.9978049981347,8.575967911603612,8,1
NaN,NaN,NaN,NaN,NaN,NaN,NaN,NaN,NaN,NaN,NaN,NaN,NaN,NaN,NaN,NaN,NaN,NaN,0.2424240086127819,32.27485012467285,0.7490815327095182,1,1
NaN,NaN,NaN,NaN,NaN,NaN,NaN,NaN,NaN,NaN,NaN,NaN,NaN,NaN,NaN,NaN,NaN,NaN,1.22469406471692,66.30556842729789,0.2573584994000228,2,1
NaN,NaN,NaN,NaN,NaN,NaN,NaN,NaN,NaN,NaN,NaN,NaN,NaN,NaN,NaN,NaN,NaN,NaN,0.4394642967776478,148.0406843427353,2.343701598756095,3,1
NaN,NaN,NaN,NaN,NaN,NaN,NaN,NaN,NaN,NaN,NaN,NaN,NaN,NaN,NaN,NaN,NaN,NaN,1.601178365313063,93.47836132629772,0.9453484587495856,4,1
NaN,NaN,NaN,NaN,NaN,NaN,NaN,NaN,NaN,NaN,NaN,NaN,NaN,NaN,NaN,NaN,NaN,NaN,0.0437364893023918,283.8944264220651,9.472548683486165,5,1
NaN,NaN,NaN,NaN,NaN,NaN,NaN,NaN,NaN,NaN,NaN,NaN,NaN,NaN,NaN,NaN,NaN,NaN,0.2340210439448558,401.8813320040711,8.79719147239463,6,1
NaN,NaN,NaN,NaN,NaN,NaN,NaN,NaN,NaN,NaN,NaN,NaN,NaN,NaN,NaN,NaN,NaN,NaN,0.2193824920838866,488.6234228953683,10.90487472974596,7,1
NaN,NaN,NaN,NaN,NaN,NaN,NaN,NaN,NaN,NaN,NaN,NaN,NaN,NaN,NaN,NaN,NaN,NaN,0.3129116116272563,622.3043977811434,19.17996899299737,8,1
NaN,NaN,NaN,NaN,NaN,NaN,NaN,NaN,NaN,NaN,NaN,NaN,NaN,NaN,NaN,NaN,NaN,NaN,0.634729780655265,44.89508298208419,0.5040265303949428,1,1
NaN,NaN,NaN,NaN,NaN,NaN,NaN,NaN,NaN,NaN,NaN,NaN,NaN,NaN,NaN,NaN,NaN,NaN,0.362670989577724,176.3353362949391,0.8286708296298869,2,1
NaN,NaN,NaN,NaN,NaN,NaN,NaN,NaN,NaN,NaN,NaN,NaN,NaN,NaN,NaN,NaN,NaN,NaN,1.201170841360228,146.8085548092773,0.3079404659508223,3,1
NaN,NaN,NaN,NaN,NaN,NaN,NaN,NaN,NaN,NaN,NaN,NaN,NaN,NaN,NaN,NaN,NaN,NaN,0.02895337859472805,329.0710677405414,4.408818569766133,4,1
NaN,NaN,NaN,NaN,NaN,NaN,NaN,NaN,NaN,NaN,NaN,NaN,NaN,NaN,NaN,NaN,NaN,NaN,0.04579278187589893,386.9796597128443,8.368830033144114,5,1
NaN,NaN,NaN,NaN,NaN,NaN,NaN,NaN,NaN,NaN,NaN,NaN,NaN,NaN,NaN,NaN,NaN,NaN,0.2662185778071346,476.9548724055434,9.840058313705383,6,1
NaN,NaN,NaN,NaN,NaN,NaN,NaN,NaN,NaN,NaN,NaN,NaN,NaN,NaN,NaN,NaN,NaN,NaN,1.543665595312015,113.2030797930977,1.676234333194635,7,1
NaN,NaN,NaN,NaN,NaN,NaN,NaN,NaN,NaN,NaN,NaN,NaN,NaN,NaN,NaN,NaN,NaN,NaN,0.1132572136496471,639.0638862740637,9.141878181597125,8,1
NaN,NaN,NaN,NaN,NaN,NaN,NaN,NaN,NaN,NaN,NaN,NaN,NaN,NaN,NaN,NaN,NaN,NaN,0.495838212544347,45.47443757412495,0.531527310100988,1,1
NaN,NaN,NaN,NaN,NaN,NaN,NaN,NaN,NaN,NaN,NaN,NaN,NaN,NaN,NaN,NaN,NaN,NaN,0.7819034325065584,162.582544312896,1.330852873811468,2,1
NaN,NaN,NaN,NaN,NaN,NaN,NaN,NaN,NaN,NaN,NaN,NaN,NaN,NaN,NaN,NaN,NaN,NaN,0.5403857762245847,198.56331615217,0.82898157930309,3,1
NaN,NaN,NaN,NaN,NaN,NaN,NaN,NaN,NaN,NaN,NaN,NaN,NaN,NaN,NaN,NaN,NaN,NaN,0.2973340091790832,378.7186049097257,3.987143723422974,4,1
NaN,NaN,NaN,NaN,NaN,NaN,NaN,NaN,NaN,NaN,NaN,NaN,NaN,NaN,NaN,NaN,NaN,NaN,0.06877786068771469,303.4520914269373,7.724333323012769,5,1
NaN,NaN,NaN,NaN,NaN,NaN,NaN,NaN,NaN,NaN,NaN,NaN,NaN,NaN,NaN,NaN,NaN,NaN,0.1115224631513177,554.4139716038979,7.546817100218469,6,1
NaN,NaN,NaN,NaN,NaN,NaN,NaN,NaN,NaN,NaN,NaN,NaN,NaN,NaN,NaN,NaN,NaN,NaN,0.03652735845480806,523.074827130526,15.17242264674143,7,1
NaN,NaN,NaN,NaN,NaN,NaN,NaN,NaN,NaN,NaN,NaN,NaN,NaN,NaN,NaN,NaN,NaN,NaN,0.3717809652922474,708.8421362755582,11.06843364795951,8,1
NaN,NaN,NaN,NaN,NaN,NaN,NaN,NaN,NaN,NaN,NaN,NaN,NaN,NaN,NaN,NaN,NaN,NaN,0.7073125596234793,44.35539444126016,0.7561064387483321,1,1
NaN,NaN,NaN,NaN,NaN,NaN,NaN,NaN,NaN,NaN,NaN,NaN,NaN,NaN,NaN,NaN,NaN,NaN,1.655682936905319e-12,138.6962400103818,1.092392334488985,2,1
NaN,NaN,NaN,NaN,NaN,NaN,NaN,NaN,NaN,NaN,NaN,NaN,NaN,NaN,NaN,NaN,NaN,NaN,1.135695108635387e-09,173.4335651245545,1.420204543515149,3,1
NaN,NaN,NaN,NaN,NaN,NaN,NaN,NaN,NaN,NaN,NaN,NaN,NaN,NaN,NaN,NaN,NaN,NaN,0.2716636564086059,359.4687461074121,3.698598114961521,4,1
NaN,NaN,NaN,NaN,NaN,NaN,NaN,NaN,NaN,NaN,NaN,NaN,NaN,NaN,NaN,NaN,NaN,NaN,3.704581353272751e-06,303.7579031675035,19.82444757921096,5,1
NaN,NaN,NaN,NaN,NaN,NaN,NaN,NaN,NaN,NaN,NaN,NaN,NaN,NaN,NaN,NaN,NaN,NaN,1.4174157234972,99.83917524957283,1.135429465110326,6,1
NaN,NaN,NaN,NaN,NaN,NaN,NaN,NaN,NaN,NaN,NaN,NaN,NaN,NaN,NaN,NaN,NaN,NaN,0.03590757456458948,532.912474527729,19.14954535397144,7,1
NaN,NaN,NaN,NaN,NaN,NaN,NaN,NaN,NaN,NaN,NaN,NaN,NaN,NaN,NaN,NaN,NaN,NaN,1.152465139834143,632.0023187674449,4.790957599849571,8,1
NaN,NaN,NaN,NaN,NaN,NaN,NaN,NaN,NaN,NaN,NaN,NaN,NaN,NaN,NaN,NaN,NaN,NaN,0.6400140516672567,27.58886645514488,0.4918884140590251,1,1
NaN,NaN,NaN,NaN,NaN,NaN,NaN,NaN,NaN,NaN,NaN,NaN,NaN,NaN,NaN,NaN,NaN,NaN,0.02339682834796629,158.7897573944254,1.091279979036669,2,1
NaN,NaN,NaN,NaN,NaN,NaN,NaN,NaN,NaN,NaN,NaN,NaN,NaN,NaN,NaN,NaN,NaN,NaN,4.335963550055402e-13,145.2697309444633,1.840083989255537,3,1
NaN,NaN,NaN,NaN,NaN,NaN,NaN,NaN,NaN,NaN,NaN,NaN,NaN,NaN,NaN,NaN,NaN,NaN,0.3709153896001882,323.6309997168107,2.664235922058092,4,1
NaN,NaN,NaN,NaN,NaN,NaN,NaN,NaN,NaN,NaN,NaN,NaN,NaN,NaN,NaN,NaN,NaN,NaN,0.01345665541300981,446.5056839611242,6.075743250539753,5,1
NaN,NaN,NaN,NaN,NaN,NaN,NaN,NaN,NaN,NaN,NaN,NaN,NaN,NaN,NaN,NaN,NaN,NaN,0.01129862323748513,375.385600583672,18.95509686101296,6,1
NaN,NaN,NaN,NaN,NaN,NaN,NaN,NaN,NaN,NaN,NaN,NaN,NaN,NaN,NaN,NaN,NaN,NaN,0.2372718858346159,527.1828093137079,10.62157524031182,7,1
NaN,NaN,NaN,NaN,NaN,NaN,NaN,NaN,NaN,NaN,NaN,NaN,NaN,NaN,NaN,NaN,NaN,NaN,0.0337204117703517,681.8314129857298,16.29674819157283,8,1
NaN,NaN,NaN,NaN,NaN,NaN,NaN,NaN,NaN,NaN,NaN,NaN,NaN,NaN,NaN,NaN,NaN,NaN,0.6826463605809968,43.42270282086461,0.6034634051669779,1,1
NaN,NaN,NaN,NaN,NaN,NaN,NaN,NaN,NaN,NaN,NaN,NaN,NaN,NaN,NaN,NaN,NaN,NaN,6.925561540301043e-14,203.0661478363067,1.298105975078103,2,1
NaN,NaN,NaN,NaN,NaN,NaN,NaN,NaN,NaN,NaN,NaN,NaN,NaN,NaN,NaN,NaN,NaN,NaN,1.064270893635921e-11,200.0591030250726,2.187422076593187,3,1
NaN,NaN,NaN,NaN,NaN,NaN,NaN,NaN,NaN,NaN,NaN,NaN,NaN,NaN,NaN,NaN,NaN,NaN,0.0379549321564048,307.680000220828,4.177839810242581,4,1
NaN,NaN,NaN,NaN,NaN,NaN,NaN,NaN,NaN,NaN,NaN,NaN,NaN,NaN,NaN,NaN,NaN,NaN,2.986275702476795e-11,294.1675009051571,8.263191002683095,5,1
NaN,NaN,NaN,NaN,NaN,NaN,NaN,NaN,NaN,NaN,NaN,NaN,NaN,NaN,NaN,NaN,NaN,NaN,1.208208957182804,163.3844286942387,1.883905356901475,6,1
NaN,NaN,NaN,NaN,NaN,NaN,NaN,NaN,NaN,NaN,NaN,NaN,NaN,NaN,NaN,NaN,NaN,NaN,0.6067867655233875,443.5777344115597,8.956154844712007,7,1
NaN,NaN,NaN,NaN,NaN,NaN,NaN,NaN,NaN,NaN,NaN,NaN,NaN,NaN,NaN,NaN,NaN,NaN,0.09957759054667119,604.3807351715973,19.06346844965742,8,1
3.524821188520815e-06,49.66743257465775,3.792683903015896,2.848854139633072e-09,49.66743257465774,0.3994851297030623,2.526178754598198e-12,49.66743257465774,0.2633914985232783,4.01439187503569e-16,49.66743257465775,0.2741608814869466,1.326087029338499,102.9351402913322,0.790222826017186,1,46.40268266311423,0.08381896622683442,0.6532452217660748,49.66743257465775,0.2618460569529013,1,1
NaN,NaN,NaN,2.852632617816785e-06,125.5140913849292,3.326167841071365,2.82994116916932e-05,127.1280778310496,2.349913193985578,0.002866935057491958,126.5296920675885,2.305021004865517,0.2284049071003802,145.6120251412521,0.1960316926908505,5.176426198794104e-08,139.7802824207012,0.05611731309898604,0.03251508089644961,137.3307667059157,0.7476335071970832,2,1
NaN,NaN,NaN,2.649461724900319e-07,150.1354524156851,3.439661701971807,9.98752392423752e-06,148.5590772039116,3.09717062988921,5.134701832287309e-05,148.5596618848067,3.066403769170763,0.3864949012628915,201.0300939358593,0.3725469466107141,9.754302483511168e-07,163.7750275401654,0.05609314787531047,0.1271186318644487,160.9678541440666,1.10700512076193,3,1
NaN,NaN,NaN,7.144603039016665e-06,353.9883095240239,6.988494710459086,5.40740140372276e-05,357.1414375621246,6.386742505193635,0.002933839722126099,357.3980512385566,5.876832497996929,0.08427911397738885,377.05502372244,0.7399157388856962,2.113859737340462e-05,378.4386316473117,0.1487792408646015,0.04005454060243339,366.4441696019206,4.508727043981462,4,1
NaN,NaN,NaN,7.80432703623198e-06,279.5996789906922,8.201622543737168,0.0001839834609758613,283.2535396220018,9.253772984337159,0.002700360330410996,284.0670006687112,7.127642976944111,0.1713779338765822,318.798247958255,1.131136362091712,3.627476097278759e-10,294.8401624062459,0.1641332198574705,0.008773268608571713,308.8938739092202,6.980355561059857,5,1
NaN,NaN,NaN,1.4201897314571e-05,498.3444143820494,15.69702964091233,0.0002352813412695986,502.1032825296137,9.009291150921639,0.01528377488436352,507.7337561788534,8.056305348745711,0.2883493714657972,584.6949227701351,0.4772824242552391,3.44397288465359e-09,514.8704094052032,0.1654638174861069,0.4667322569754236,503.6562132310845,8.509546773678332,6,1
NaN,NaN,NaN,1.888959170201588e-05,471.847539585048,15.9121881081424,0.0001203169355249756,472.1117282034725,12.96049439026987,0.01004045793829447,479.1918264670125,11.80973133557415,0.5478801730963918,656.1831048885238,2.100797678930266,1.20359944233428e-10,486.6781960880187,0.3433194861567251,1.639992577397501,193.4992626531527,2.915408501778787,7,1
NaN,NaN,NaN,3.173006361460421e-05,676.8972647721903,15.41010763341658,0.0001292165328941455,678.1093660046917,15.75054881488457,0.02977665414208496,682.788783718115,10.87156183616431,0.1821112137968512,752.9531373630352,2.084582058680715,4.044908852307572e-10,691.7526220392233,0.4523654355743809,0.2043982829230775,691.2504825555384,12.12711851607403,8,1
