5.777630459147707e-06,-0.8975604908431428,4.182154984241649,2.414114914992834e-12,-0.8975605642001336,0.4440690867859043,3.21129146855839e-07,-0.8975602796483637,0.3808872931468636,3.33066907387547e-16,-0.897543489431442,0.3751620295291147,2.590098358012938e-09,-0.8975321034041861,1.625216306825497,4.41034364584425e-09,-0.8975605681030041,0.5601620880541995,4.440892098500626e-16,-0.8975605636067869,1.178458086788547,10,0.05,0.1,1
1.616557347071748e-06,-0.5816756474455026,1.581225454862623,1.846226013224063e-12,-0.7147311926748579,0.2065161451829891,6.171723270112236e-07,-0.5816823307926354,0.3730056633403022,0,-0.7146721115164765,0.4212526105019678,2.883910887874208e-10,-0.7145400148490056,0.07583453939059151,5.268434577487824e-09,-0.5816821191876369,0.01236955985738003,1.110223024625157e-16,-0.7147055919302805,0.5934303893201915,10,0.05,0.3,1
1.774669444774835e-05,-0.7173392116042152,2.009820886809843,0,-0.7173436118286267,0.235700528273846,2.806336937183657e-07,-0.7173426345505247,0.3951617501190325,2.220446049250313e-16,-0.71732242391001,0.353953671542876,9.984724158584868e-11,-0.7172151784708852,0.09245528589126341,4.060223268709251e-10,-0.7173436121258987,0.01041368928164045,0,-0.6914891176598976,3.575788663275736,10,0.05,0.7,1
1.110223024625157e-16,-0.3865446428930838,1.455254929605651,0,-0.3865757556871727,0.2029782094118154,5.751919558718293e-07,-0.3865739465781575,0.3202307625214419,0,-0.3865364169252367,0.3390694209452594,8.842941490172507e-09,-0.3865511557735853,0.02932144506363565,1.428301477091054e-09,-0.3865757573720355,0.006998467397940748,0,-0.3865598724825265,0.3496386736780977,10,0.05,0.9,1
0,-0.3033240146604771,1.25314704484192,1.191546897947903e-13,-0.3033620660928003,0.3369085237821402,5.118687086301962e-07,-0.3033615039783569,0.4244027703887236,0,-0.3033471490002325,0.4226689175540139,7.847007488237523e-09,-0.3032653954569015,0.08356287123310843,1.372263280785546e-08,-0.3033620690686357,0.02644842977197494,1.110223024625157e-16,-0.3345547389862536,1.027867757473559,10,0.1,0.1,1
2.15751906827006e-05,-0.4323467965086379,1.758238538428515,2.311402349180736e-13,-0.4323510427611775,0.2018477313222856,5.751946484660371e-07,-0.472519005546058,0.322995034429741,1.110223024625157e-16,-0.4724921998784234,0.334751024849751,1.087575585145828e-08,-0.4322229895396345,0.02093121339114353,1.451745390568249e-10,-0.4725185907552519,0.009486727454721407,2.220446049250313e-16,-0.4323509840646191,0.5467575781489233,10,0.1,0.3,1
1.249581706482665e-06,-0.5295528983771576,1.504265723519193,0,-0.5295611352321362,0.1750304047255041,6.084355161798091e-07,-0.5295589099198681,0.295370816825169,2.220446049250313e-16,-0.5295534298915997,0.3062617687337852,9.814367096794285e-10,-0.5294409469650109,0.01558428612800682,9.606486717217422e-10,-0.5295611368720461,0.004974632207600181,0,-0.4013934321487609,186.6213785715877,10,0.1,0.7,1
4.440892098500626e-16,-0.7932797598266301,1.719662200762185,8.651388967764265e-14,-0.7932797873123281,0.1929077414339099,5.56838108498074e-07,-0.7932771400691412,0.2905139899495438,0,-0.7932626985357907,0.2914492585626919,1.124108117700473e-08,-0.7932107893261079,0.01897043425990499,4.426707889138015e-09,-0.7932797906141114,0.005807576317654526,2.220446049250313e-16,-0.7932613441059216,0.4099519829997844,10,0.1,0.9,1
0,-0.4465909084932915,2.790591582884546,5.678075863516638e-10,-0.5296132634129485,0.20550951372451,3.339527464676417e-07,-0.4466147336868556,0.2784393210032937,3.33066907387547e-16,-0.4465815374045738,0.3808468919592952,8.953444652348708e-10,-0.4464253320007034,0.02480255335505432,3.882823840228866e-09,-0.4466147213546544,0.006598231334179367,0,-0.529612778688016,0.3560024270919037,10,0.25,0.1,1
1.799645950392569e-05,-0.3958644014447626,1.530936926194582,0,-0.3959045377875317,0.1946242255337771,8.510862961327573e-07,-0.395903386040468,0.3881240142771,5.600915116040162e-07,-0.3958751907341306,0.3703169076704487,8.054356959164011e-09,-0.3958981398943521,0.01869631031434767,5.154878746083114e-10,-0.3959045382639378,0.007628650407768808,2.220446049250313e-16,-0.3959010175973338,3.093286342095356,10,0.25,0.3,1
7.484183095819264e-07,-0.9568812534886532,2.987628929817851,6.183248450704183e-09,-0.9568808307341483,0.1831491555207845,6.729740272318684e-07,-0.9568805380409349,0.3061390548463113,2.220446049250313e-16,-0.9568708080237507,0.3137997996554194,4.716124157866375e-09,-0.9567572345380754,0.01432618559550406,1.256272863514596e-09,-0.9568808308452714,0.004368236812882466,1.110223024625157e-16,-0.9568412344476945,0.3097679876848118,10,0.25,0.7,1
9.497999132460924e-08,-0.784870471435825,1.636499943174031,1.955472745408105e-15,-0.7848762098243218,0.2210926671089401,3.929617604417236e-07,-0.78487580524981,0.3196783612372127,2.220446049250313e-16,-0.7848626169841846,0.3340940335752748,1.33905255772504e-08,-0.7848758928097692,0.01555747786335865,1.031992868938403e-08,-0.7848762177349939,0.004797924209637609,0,-0.7848762098242021,0.3191320012520593,10,0.25,0.9,1
4.752255695392205e-06,-0.4764464797531204,2.043184716117469,3.892293441621859e-10,-0.461454678566112,0.2344462035532656,6.007672011074092e-07,-0.4614509036107213,0.3259601795323053,1.110223024625157e-16,-0.4614168346555604,0.3892488286487464,7.996115547470595e-09,-0.4612948277411948,0.02796819407069151,4.811373521818041e-11,-0.4614546818468981,0.006646939307976742,2.220446049250313e-16,-0.3991434957525897,0.6401273656877623,10,0.5,0.1,1
2.220446049250313e-16,-1.018373394838898,1.463170541719512,4.716263459667968e-12,-1.018406041329223,0.1804536033894708,4.920383559544634e-07,-1.018406437530626,0.2595606389731,2.220446049250313e-16,-1.018379142037816,0.3128547139312735,1.096165380687353e-08,-1.018207315077387,0.01333050399159957,1.663176751875994e-08,-1.018406058185638,0.004570620331916523,2.220446049250313e-16,-1.018363963219077,0.4177713119096282,10,0.5,0.3,1
3.349155094523307e-05,-0.5972531985729508,1.613527903438896,6.864297465120978e-14,-0.5972521280357466,0.2232562073404049,6.210383816363003e-07,-0.5972525439265486,0.3227050520741101,2.220446049250313e-16,-0.5971882697796876,0.3720450967872749,1.47274192840996e-10,-0.5971241631876855,0.02862594050755219,5.41268807552342e-10,-0.5972521283597069,0.004970478814485675,1.110223024625157e-16,-0.5348601944912359,208.2475947134102,10,0.5,0.7,1
0,-0.6857727457448871,1.46044138486209,5.294072124674492e-09,-0.6857762838415689,0.183959067178113,1.346343675955765e-07,-0.685776072574269,0.2502438230548811,1.110223024625157e-16,-0.6857649588792517,0.3272386694491883,3.082675892329689e-09,-0.6857731440650545,0.02218629327410846,4.915978735198223e-10,-0.6857762841372483,0.00534201870763775,2.220446049250313e-16,-0.6857728112029757,0.4407969681740589,10,0.5,0.9,1
0,-0.7809428306649675,1.580627366254134,1.292323915432557e-09,-0.7809773677406573,0.1926166263347023,6.634353151722199e-07,-0.7809779204523014,0.3115565897923945,0,-0.7809664307985844,0.331870835515438,3.303979312363481e-10,-0.7809709676845871,0.02346553835337597,1.716624620229368e-10,-0.7809773677659032,0.004879859328351024,2.220446049250313e-16,-0.780951597585293,0.6641041489754146,10,1,0.1,1
2.340718920936252e-07,-0.6831451991383413,1.587511804132022,1.180577044899549e-08,-0.6831502063679187,0.206297148091497,1.100973681521441e-07,-0.6831464782845391,0.2715401574589088,1.110223024625157e-16,-0.6831359932563162,0.3156918590096725,7.284389091921639e-09,-0.6827517076065596,0.01769307708659863,1.538433402892281e-08,-0.6831502157165743,0.005532319628520519,2.220446049250313e-16,-0.6831488609066355,62.51174334145007,10,1,0.3,1
3.814658271411229e-05,-0.7116369269696179,1.347912372467233,7.531646818973881e-12,-0.711637881005356,0.1894445667387973,6.451410124147942e-07,-0.7116356105076556,0.2784264832427579,0,-0.7116256967229788,0.3175136882621712,2.930025777558853e-09,-0.7116138869062612,0.01603511807152672,4.108010376313587e-09,-0.7116378839441226,0.005007104190131765,0,-0.7116083031508702,0.3623095433268754,10,1,0.7,1
2.220446049250313e-16,-0.6516936492919779,2.443484968681528,1.565938999732396e-12,-0.6516936720817981,0.1962927568222314,4.108722591327415e-07,-0.6516924440807378,0.2773926659384384,2.220446049250313e-16,-0.6516893330828972,0.2899517715543167,4.326411007227193e-09,-0.651653107565266,0.02630457133773618,9.277973944676887e-10,-0.6516936726887224,0.005110939017994386,0,-0.6516936720840294,0.4390219589893964,10,1,0.9,1
2.433935966343505e-06,-0.8826831158824551,2.39618159691924,5.222081631191301e-09,-0.8826841158267901,0.1894173808929569,1.645645098703331e-07,-0.8826835017846737,0.2628048165767206,0,-0.8826741585810363,0.3082754092319357,1.145819306103135e-08,-0.8826676882716737,0.01670192645700087,3.933779080256272e-09,-0.8826841179781846,0.00728429636045713,2.220446049250313e-16,-0.8826841151761597,0.3660808242748459,10,2,0.1,1
5.37864526947309e-06,-0.9408832875507125,1.484700221300337,4.904637526612489e-10,-0.9408875206317279,0.1868815456059555,2.527096894332738e-07,-0.9408871449169511,0.2825772332889172,2.220446049250313e-16,-0.9408689521039542,0.333747791622002,1.519980363795526e-09,-0.9408865620997573,0.02651639438657593,1.623013856644206e-08,-0.9408875362770793,0.004690691151044937,0,-0.9408851175795685,0.5183393072970963,10,2,0.3,1
1.843110847367602e-06,-0.7036065162177095,1.705669796940611,0,-0.7036064369110038,0.1749480920255985,5.482167351980091e-07,-0.7036060719253874,0.2690145168640976,2.220446049250313e-16,-0.703589574606581,0.2985583572499553,3.898679157288143e-10,-0.7035406529487866,0.01793850486154664,1.536737848084613e-08,-0.7036064474831616,0.005173995077096416,2.220446049250313e-16,-0.7036015920362504,1.705022622777132,10,2,0.7,1
0,-1.135150181795741,0.3816534053858937,0,-1.135150182734188,0.07873134229736256,2.220446049250313e-16,-1.135150182734042,0.06146757502632685,0,-1.135150182734194,0.1074966102648468,1.934715720963709e-09,-1.135150184212262,0.01846220997516649,9.673717382696623e-10,-1.135150183710149,0.005583293089471262,2.220446049250313e-16,-1.135150182734206,0.2530096052879491,10,2,0.9,1
