200.124960961895,0,8.995571726105521,0.3530217833516676,36.07768773744022,4.864762070897692,0.000120670015897194,36.07768837301893,4.005631625608473,7.14039227744952e-09,37.81509254428888,0.3654534223217023,33.39808252544865,148.7848712533208,40.21549359697573,7.040500390863142e-10,36.07768978395703,1.127511859829726,50,0.005,1,8
200.124960961895,0,7.74008358140427,0.0007797865743599592,23.69302396826896,0.9153341821361739,0.0004851547240020267,23.69302396967646,0.8588986103496554,9.444127258007079e-09,23.69302397133716,0.1985775755955591,26.72439800433516,119.1395283606538,39.86083295952781,2.002403323044598e-09,23.69302397133716,1.069058870971396,50,0.01,1,8
200.124960961895,0,9.428932773908828,0.2855703932128753,24.64925068400783,2.783000231079777,0.0004005357345740829,24.64925075455381,1.854406525209595,6.464925927929345e-09,24.64925134513882,0.1988841716394129,23.84318129101635,110.6978130182705,43.91609198787511,3.299122722654506e-11,24.64925134514942,1.035041058194346,50,0.02,1,8
200.124960961895,0,9.119032515794228,NaN,2.131263293946226e-11,1.770178701694132,NaN,1.065986881342245e-10,1.341279154942766,8.445158794501163e-09,69.33975709512441,0.3976686618064397,29.08793829566583,232.1272647113639,39.66611917373121,1.070121884857507e-09,73.18938892598968,0.8870027442611413,50,0.03,1,8
200.124960961895,0,8.468479132589952,0.2930427164988486,69.11890199254253,2.27706351975279,0.0003767054644423491,69.11890210144867,3.856534573612502,2.142938804183814e-08,69.11890271603387,47.10274856556851,21.30736153311495,215.9688851268026,39.864756784759,9.665196239366978e-09,69.11890271602607,1.96962471435972,50,0.04,1,8
200.124960961895,0,8.023299789007551,0.3373626579408854,31.49399851343793,4.822598318403768,0.0002797681429384145,31.49399874816822,4.437296955637214,1.679053385217347e-08,31.20800254310006,46.78908457670867,23.11264011894692,140.8714531682112,39.59510216595757,5.267142884847122e-09,30.69616963974916,1.521374879362763,50,0.005,2,8
200.124960961895,0,9.033044785677284,0.008463328351828508,33.19498590857259,1.549981951612197,0.0005098559799030444,33.1949859064873,1.753841134918873,1.970892976599687e-09,33.19498596562413,0.4703115348077129,19.8302188195711,123.8738341406659,44.45453920729064,1.879974092430474e-09,33.19498596562394,1.142342121916482,50,0.01,2,8
200.124960961895,0,8.812354914372104,0.3256951113472102,31.37941500788547,3.014535371064281,0.0002224883244416314,31.37941522842446,2.695587509005315,9.679710366583579e-09,33.28555714226849,0.1918082974253484,24.81854165409917,152.3962433514808,40.68261381434175,11.23935188391337,57.66863177184958,180.0185396211198,50,0.02,2,8
200.124960961895,0,7.812906938283576,0.006355083583616333,60.05948556285066,1.259488241362072,0.0003555678319973487,60.05948556007711,1.243670604084826,8.883620949973277e-09,60.05948561492423,0.2399499176117527,42.96356463547694,229.2308038336946,40.2400654575002,2.321639872747662e-12,60.05948561492373,0.8612029892359113,50,0.03,2,8
200.124960961895,0,8.350018274936604,NaN,6.736424269115717e-12,1.407007758541267,NaN,4.292971857536106e-14,1.231642750664921,8.210948365672319e-09,79.976771880488,0.239056560173627,36.14484982550952,219.5009194103666,39.31956067656534,7.216896035862673e-11,75.47217916060566,13.05262162272375,50,0.04,2,8
200.124960961895,0,8.047365690543399,0.08355443258190122,26.31980342323966,2.134187497828907,0.0001941465746261731,26.31980343283276,2.08358820073432,9.141970180870508e-09,26.31980364353285,0.1874944306753118,26.99945740435114,116.7161645708043,40.8017237343096,1.45452977645522e-09,26.31980364352748,1.085283918508886,50,0.005,3,8
200.124960961895,0,9.15409698403133,0.1687507291354888,26.03206754426022,6.213321749137982,0.0003026526791018868,26.03206761282327,3.82968740796455,6.075240754910327e-09,26.03206809611498,0.2627901901348569,22.24248842340637,123.2669346340283,39.52095840715049,2.983815051804054e-09,26.03206809611702,1.392615490802874,50,0.01,3,8
200.124960961895,0,8.585779682801473,0.0115712448483091,19.04353180136223,2.010191297807461,0.005606358779203535,19.04353180216129,2.004990114920655,8.547729246633175e-09,19.0435318522326,0.2014834415481439,22.88464137228241,121.898063323919,40.00899285465082,4.7429489814573e-09,19.04353185223272,1.376347776574552,50,0.02,3,8
200.124960961895,0,8.328095902638387,NaN,1.042671147934248e-13,0.804992078343596,NaN,6.551949170707265e-12,0.7469378153748099,8.683336716330844e-09,86.06393124065282,0.6484257123827044,31.11929758344537,219.2768764427721,40.03921031129315,9.649178170359131e-09,86.06393124063032,1.197050259096312,50,0.03,3,8
200.124960961895,0,7.724116421918445,NaN,6.282528545415167e-13,0.6541283232821182,NaN,1.376587515440472e-11,0.8256382257302045,5.188458662708272e-09,75.4178897193726,0.27715564959848,23.4637449713658,215.1068118783487,40.00717404536111,4.002465525361975e-09,71.99011499633484,3.852586583175882,50,0.04,3,8
200.124960961895,0,8.611221868302652,NaN,26.92005667203254,1.426046542185652,NaN,26.92015644752501,1.133558447325138,9.303612102939989e-09,40.84078549583772,0.1970608313736862,30.90260453878107,130.6966475210628,40.99131864995039,8.982813282426715e-09,41.16518496069553,25.17893617214084,50,0.005,4,8
200.124960961895,0,9.058146015233142,0.1761037401287014,35.54587934255053,2.501879222303276,0.0004044896684003036,35.54587937344469,2.774804450626709,4.575519074734431e-09,35.54587974919286,0.175626294160025,21.24780557911,141.2819513528496,40.19224780209905,7.75902012128249e-10,35.54587974919016,1.55682070474801,50,0.01,4,8
200.124960961895,0,8.415259421031884,0.1222398629813979,28.97809157717899,1.798857514397176,0.0003773543153705494,28.97809159174439,1.762288762122249,2.199778137424084e-09,28.97809192028089,0.187604684425072,23.07214436926554,124.3862299132273,40.32402406552396,8.28902685000309e-09,28.97809192027761,0.76720298319461,50,0.02,4,8
200.124960961895,0,9.520805109128558,NaN,2.000000000008215,0.7138650886787523,NaN,2.000000000000022,0.7645784153364477,9.209282225697417e-09,68.98018752170383,0.2293795281441575,31.90920004755903,199.6783409518704,46.62259084229334,9.972700307752714e-09,67.90677570324684,1.375393628541524,50,0.03,4,8
200.124960961895,0,8.420963164675303,0.04824328328118242,65.70622458140986,1.824221540562053,0.0004968201591981882,65.70622459221516,1.568846292679906,1.30858687219515e-08,65.70622475980163,48.06698330637403,28.66344927671685,186.5108566489766,45.39171458173805,6.138129310635583e-09,65.70622475979991,1.593451757943179,50,0.04,4,8
