200.124960961895,0,8.909923064027222,NaN,10.58244374622607,5.813859198409929,NaN,16.24987178704832,23.91412856493417,0.009854685413560781,43.2701281389762,0.1627983458916885,47.15238005722279,142.6117950477025,42.11651593619781,10.79545017265452,54.9201456823085,180.0486015142522,50,0.005,1,2
0.009189101985639629,28.39898047604539,1.893300045762858,0.0582581713424646,28.39897111151584,2.719412136068231,0.009022752814213881,28.3989495473476,2.943172121206629,0.006599723286425547,30.18142786764663,0.1555737046317147,19.79181068467671,128.5423627467746,39.25448453351336,0.006494938465411467,28.3968110000344,0.9006224805885436,50,0.01,1,2
200.124960961895,0,9.109880321820123,0.1768857089205393,23.37258950541455,2.457052766236375,0.007011018932781023,23.37254618151837,2.481073358012049,0.007614099722389167,23.37283802040286,0.1194958080920211,27.3813355214991,120.5713941143777,39.72881428888597,0.003261159819335813,23.37207437297272,1.131704145389959,50,0.02,1,2
200.124960961895,0,14.6830918323116,NaN,2.127350183286376e-05,1.379259683828493,NaN,1.124157382761293e-05,1.286390156303569,0.009523358216795974,71.78923555726487,0.2215873821379863,30.06801035039255,200.1212932061352,40.02367321694766,11.04619091750962,82.9266832539506,180.0636809800199,50,0.03,1,2
0.009578217883905461,65.44654173822542,0.7501042124484035,0.1640361270403757,65.44653634120601,1.322936631279744,0.005948249260594794,65.44653626017976,1.398278078080799,0.004320972451680069,65.446604181772,0.174399532403275,32.28701620958347,206.3705939671015,38.88348708445286,0.003289689985740678,65.4464227378193,0.8923364581964601,50,0.04,1,2
0.007073112334874173,18.17642345173103,1.826560656931109,0.116711805587969,18.17973106613037,2.91420785701448,0.009628207230840858,18.17964499091209,3.879938197487121,0.00913161847451124,16.97575651903027,0.1708291233014504,21.62739672255081,100.0606809453704,39.69593224076398,0.005172577307970327,18.18029253620517,0.5929650556026274,50,0.005,2,2
200.124960961895,0,11.16200278201928,0.1636285556296765,29.1769321681791,4.261828868056468,0.008483098155283796,29.17693267379821,4.236897927682602,0.004925390606861723,29.17752674989476,0.1850594086472167,33.52339253791681,136.0373130020487,44.1681981365606,0.000267201629761741,29.17691850654661,0.9502921724368646,50,0.01,2,2
200.124960961895,0,10.69436905403793,NaN,18.83720719048783,4.96587117831052,NaN,18.82643814323276,5.347353305875619,0.006271654162842591,48.4127741175401,0.1047308675761846,28.4346744960793,159.4884666168017,39.73325464538316,12.49321297874489,54.33907578367921,180.0454305862026,50,0.02,2,2
200.124960961895,0,8.144484895991445,NaN,2.109262166732921e-05,0.9877040638323902,NaN,1.031755289179134e-05,1.310374500271103,0.009789088985441225,75.17627962576942,0.2038837260934378,35.73435300517553,219.8436084361153,40.61755806068185,0.004306337626466723,76.06697192516273,1.196010400100286,50,0.03,2,2
0.009960264294067078,83.04324122440467,1.781881080003443,NaN,2.882472928870988e-05,0.7510243781612997,NaN,4.216020807598322e-06,0.8589069171390209,0.004260056807382085,83.20228280078121,0.2307478829014558,31.53559093991893,219.6231765327729,39.68488760913989,0.002835539286892265,83.44071794618193,0.9764272196873929,50,0.04,2,2
0.008766607127737542,19.16464937592955,2.073502248119267,0.05284416104753694,19.1646300002926,3.478744813920366,0.009980420170443477,19.16462919698209,4.417092200830981,0.005754725507098012,19.1646358709447,0.2351712482385831,26.23171309571286,115.7413480666543,49.73693644097875,0.003131724335487965,19.16556384619537,0.8050630636345375,50,0.005,3,2
200.124960961895,0,8.847705966842318,0.156689016302557,25.91897201699984,2.10844777823591,0.009866425849128505,25.91896989169689,2.918975954110275,0.007504823293333845,25.91910917000983,0.137444136841517,17.91626184035878,110.4573069566344,39.98811940330067,0.002828777235880544,25.91895097441997,0.9755383932252847,50,0.01,3,2
200.124960961895,0,10.79755297088546,NaN,18.02062374928756,5.687456672541832,NaN,17.98150598724342,10.74650321925846,0.009443886224357427,38.04235417543237,0.1591667686136271,27.34740071999751,130.3123607311248,38.79130324463193,0.004896609298378145,38.04235069844076,1.023626019280813,50,0.02,3,2
200.124960961895,0,10.52981268945143,NaN,2.627090279386859e-05,1.200522119469755,NaN,1.254256662300483e-05,1.281790460483093,0.007375287342328328,86.70619217835885,0.2094719298484087,52.55792938792833,222.9861547429665,41.54459990726603,0.0003320517564971557,86.70600375788317,1.350841402246458,50,0.03,3,2
200.124960961895,0,7.778242328680021,0.02229193592398561,51.78585753204811,1.186591256122481,0.009652193166561553,51.78585460017382,1.426037480233617,0.005932555543301762,51.78591840392927,0.1447884713846209,33.54956096536422,208.2415110931171,39.86929229175256,8.684278000113136e-05,51.785847549691,2.461455742181423,50,0.04,3,2
200.124960961895,0,10.41469342661103,0.06288514230816306,25.28900043438002,5.662652977077792,0.008778939476810344,25.28898691760182,4.676990495522641,0.006916052800907151,25.28907450977162,0.1780341303320148,32.1556273427107,112.7790682687399,40.81742318862906,0.001908487745114375,25.28901758114505,1.190094455746712,50,0.005,4,2
200.124960961895,0,12.44547763283689,0.04573749242074959,25.66476530206031,7.443804192361076,0.009821221836142258,25.66478010266707,11.22081900412168,0.007358783124222142,26.80210039127109,0.1813670407742532,21.02764738092999,137.7388131590187,40.13071941326881,0.006865382102551822,25.66497514593492,0.727897143823751,50,0.01,4,2
200.124960961895,0,8.828875608094739,NaN,26.90775826183266,1.695972264385471,NaN,26.88011405858465,1.973631607484568,0.007931563063381802,38.50155981854527,0.1265010745964788,26.63341996755416,137.458006306201,39.95967733409454,0.0003624635654215214,38.50167227560741,0.5313653039001132,50,0.02,4,2
200.124960961895,0,8.228926430542403,NaN,7.621774220882027e-05,1.081969131970718,NaN,2.223662742019717e-05,0.6778948028194753,0.006865975415507604,63.45316795813689,0.1728899622267633,27.11261858165814,197.8195831345814,43.06833995610994,0.004416812493054869,63.45302746943806,0.7879918563257712,50,0.03,4,2
200.124960961895,0,12.10392020045038,NaN,2.000093103621972,1.790712329842971,NaN,2.00015439496319,1.299437856908757,0.009803312845952176,83.39481597527984,0.2174713680073825,51.814520600645,224.3675962661514,39.51899271872154,0.007859416070704622,83.3959538227262,1.056193542150915,50,0.04,4,2
