89.49860334105779,0,8.724565366125518,NaN,1.511279925591716e-05,0.504254208899139,NaN,1.915860372841213e-05,0.5649069866139865,0.007120497697768723,23.98709153946609,0.7764080385555853,11.60424472013495,40.14677769930228,4.588198091250836,0.0004017310010333328,23.9865644746931,0.7437612236051768,10,0.005,1,2
89.49860334105779,0,7.676324064466727,NaN,1.424675142714621e-06,0.217005432640245,NaN,4.18911342847981e-07,0.2583317097335937,0.007632454975331325,30.6500329769108,0.04259230730891742,13.23691137434289,49.13993625352703,4.283639476279586,0.009482980788131409,30.48120968411002,0.5133799721798072,10,0.01,1,2
0.008172724461038715,37.61639367217552,0.5254829642853367,NaN,5.154577060455008e-06,0.1806050816406362,NaN,7.782639402385988e-07,0.2921048498056966,0.007025002727268441,37.61738603014628,0.04784823948926838,19.51197088317785,53.67946398391067,4.300835285428835,0.00670602820196037,37.61638377268449,0.2645493415736684,10,0.02,1,2
0.009769492344255143,39.99996005582226,0.6488195297148959,NaN,1.811845421365728e-06,0.1727706465249679,NaN,1.082997126354938e-06,0.1787186852919987,0.007714034644442752,40.00124871655607,0.04382586552969375,17.35620520351291,70.27229735511574,4.385604938159729,0.002062999606060011,42.85093579035804,0.2781165940955341,10,0.03,1,2
89.49860334105779,0,8.55919229311186,0.02175113246135465,16.00001202263701,0.4951231594797835,0.008693514329245028,16.00002361136304,0.7636420136261552,0.007277072758619606,16.0003551828719,0.1860214858882752,10.39768612570535,37.01269698442285,4.342320524264132,0.007301178906729907,16.00990194610838,0.2609710032638131,10,0.04,1,2
0.00641362476362959,43.53075964152359,0.5316813394773369,NaN,1.069629312397303e-06,0.2162574440160155,NaN,1.273542788412948e-06,0.1983952038108529,0.006441172089646237,43.87886311317983,0.05032328513885176,19.71219471265377,57.50045848229492,4.365888396019386,0.004763540291063337,43.53073641775573,0.3655142129166044,10,0.005,2,2
89.49860334105779,0,7.543899493889979,NaN,1.576225295903123e-07,0.3076513836845595,NaN,3.426884596191741e-06,0.1684631986576228,0.007990315713395851,31.59545566455262,0.061764377164485,12.47704852186389,49.29920899157446,4.377981948591546,0.009718719736356921,31.59532272482984,0.2414232399801241,10,0.01,2,2
0.006556383377797025,35.37933713044896,0.6034980645180779,NaN,3.23399927945012e-06,0.228679492349447,NaN,9.54077758803702e-06,0.2159976680576763,0.004700263862004768,35.37945700001909,0.02652357844403263,16.20204049593515,55.00474540496465,4.944953549944193,0.003705959886400703,35.37932608613755,0.2397154396028449,10,0.02,2,2
89.49860334105779,0,7.635434648977736,NaN,2.516040273028245e-06,0.2607372804175748,NaN,1.874225851019221e-05,0.2583207598748847,0.009338545235829696,35.92700504875972,0.04819901254929324,18.45114678960974,58.40058781019774,4.421528781514827,0.00201320701141118,35.92697727101225,0.2258098742050025,10,0.03,2,2
0.006443688870557935,23.98557058656815,0.829203348693342,NaN,1.285621619151135e-05,0.2225925036512115,NaN,2.498033758534756e-06,0.3768794110939437,0.007767975681071863,23.99001602028825,0.05911451135689139,10.51256721608666,32.68365895867915,5.045586527293844,0.006569144665797987,23.98556993776593,0.1515467996961225,10,0.04,2,2
89.49860334105779,0,8.041070276948357,NaN,5.043015425820039e-08,0.2443064510526212,NaN,3.701098484257131e-06,0.2411513814190715,0.002782824221942693,34.75630593047079,0.07729505262728645,16.06512833923428,50.45862908200741,4.80723491147228,0.009990623638335912,34.75628012668039,0.3814870361224512,10,0.005,3,2
89.49860334105779,0,8.349252539989639,0.1297709263734853,31.533771123517,0.6920495718982826,0.008759482998889338,31.53373898604254,0.9048041938714019,0.004985403595688741,31.53396304416555,0.02787947301728265,10.56412270833782,41.08727876428394,4.813166714241915,0.001257397624045808,31.53371277755812,0.1524224108115129,10,0.01,3,2
89.49860334105779,0,7.432865661092056,NaN,6.392302161232143e-06,0.2819905785905342,NaN,2.95526282197884e-07,0.29057677814378,0.009534230118317083,31.97882908993709,0.2329997779821751,13.5741159322293,50.08878367331489,4.36608549347615,0.0009625230057632968,31.99999999517814,0.2453315843765906,10,0.02,3,2
0.006793306656842958,31.82877192480481,0.40857094526732,NaN,7.267216882143545e-06,0.2389719819546328,NaN,3.360546196962163e-06,0.2103830336092698,0.00502017958142616,31.82880233279973,0.03866810449638957,13.8150234242069,50.53497009060846,4.437345663629403,0.001814670357912515,31.82876818798903,0.33758263367512,10,0.03,3,2
89.49860334105779,0,7.64443807590593,NaN,1.012368043838683e-06,0.2363674259072147,NaN,2.59953290358936e-07,0.3000125357003152,0.004516221755813027,29.25311716290017,0.07686536506828937,13.23690127350761,40.33527227563851,8.98179151771083,0.002276970430325703,29.87782274286451,0.328982086031152,10,0.04,3,2
0.008319893600583897,42.24272298965106,0.5133807273424769,NaN,3.744441042146392e-07,0.1890523312626773,NaN,1.048830079174988e-06,0.2023677370342346,0.006095722593668481,43.38124477336885,0.04111218847651973,13.41296086961938,52.42336880583855,4.317681831843397,0.004501048259167684,42.24326701968845,0.2427640312999823,10,0.005,4,2
0.008692157846678724,25.81141292375406,0.5022726620541331,NaN,4.888541955000251e-06,0.3090639154580288,NaN,3.351940692211922e-07,0.2833630867425152,0.00995017012977093,27.54607458253503,0.03682022144390123,17.39124377676335,50.26191177744599,4.459970337210338,0.004443540046147119,25.81139693884328,0.2459881983177996,10,0.01,4,2
0.008100013109922498,34.5500948947541,0.7049519036895737,NaN,4.595778714298832e-07,0.2385230377475612,NaN,1.254484844607121e-07,0.226855019339716,0.003785355587533002,34.55046768469339,0.03248030158176373,14.70760438859548,48.72308280789356,8.826025624179705,0.002651135502512722,34.55008693654521,0.1512171711908462,10,0.02,4,2
0.005744656054820551,37.36666838373377,0.6654304653765467,NaN,1.577569687890581e-06,0.2299425019143374,NaN,6.04867856938043e-06,0.2138839677454921,0.003977992962208475,37.36668618760952,0.0412836104025168,12.96573196381537,45.08305393536755,4.26731323694437,0.0005724488529307432,37.36665611156047,0.1796075117541069,10,0.03,4,2
89.49860334105779,0,7.698427298224311,NaN,1.297164044229987e-06,0.1818658257175178,NaN,1.194067082261192e-06,0.2111918128284014,0.006074943158338056,28.00019659571853,0.03264945801975203,17.81081750415354,61.97409523313625,4.579670416804484,0.004477592398276197,28.00174292167001,0.08314869606061842,10,0.04,4,2
