NaN,NaN,NaN,1.493835985806865e-10,-0.5505447857650629,0.4836133476512176,3.574592973075413e-07,-0.5505438629067625,0.5132127036484929,0,-0.550451029758144,1.012234767991373,1.119593484588677e-08,-0.5497264129708164,0.09346421812722679,1.874284949465732e-09,-0.550544786771789,0.1207014252940226,2.220446049250313e-16,-0.5505447738239438,1.204810310689026,50,0.05,0.1,1
NaN,NaN,NaN,3.11672121549096e-09,-0.6509476155945512,0.3060851763078284,1.965013787661591e-07,-0.6509448265164279,0.3859334339210009,2.220446049250313e-16,-0.6508883713919486,0.7763019382005077,2.434834422970766e-08,-0.6507875010193014,0.05328692103566029,2.160225576197661e-08,-0.6509476295566794,0.01561638642579998,0,-0.6509476184141187,0.3575646154938235,50,0.05,0.3,1
NaN,NaN,NaN,1.475547139508999e-14,-0.5467591145112448,0.5076033553387735,3.206717067407733e-07,-0.546752920343921,0.4891792741074355,0,-0.5466347085432026,1.220361753125241,4.915209572686763e-09,-0.5459514207670445,0.05713862823190743,2.627445150338303e-08,-0.5467591441236272,0.01840557974593307,0,-0.5467590825888623,1.638131712452179,50,0.05,0.7,1
NaN,NaN,NaN,4.923191848792782e-15,-0.5137949648768889,0.4788146664673037,3.278993072248006e-07,-0.5137937061581797,0.6638850249732294,2.220446049250313e-16,-0.5136667796760719,0.9715654824205682,4.147086496431029e-08,-0.5129123811414003,0.04450135853764259,1.070885136122968e-08,-0.5137949738086305,0.0300090317455283,0,-0.5076876949624796,2.425024807093696,50,0.05,0.9,1
NaN,NaN,NaN,3.124589562827504e-10,-0.5425916145302689,0.3402147531599782,4.968132564467157e-07,-0.5425914796182334,0.4431313424224712,0,-0.5424807326852049,0.7646490230460543,1.788019154957965e-08,-0.5416916794977147,0.04304238425999345,2.748879790459569e-09,-0.5425916161627753,0.01607816839825467,3.33066907387547e-16,-0.5425916021196379,0.7741942791896802,50,0.1,0.1,1
NaN,NaN,NaN,6.80104577698487e-09,-0.5779553634587935,0.4206248517993261,3.251058057882351e-07,-0.5779512909415725,0.5272745877189405,0,-0.597121538127994,1.015218415698926,1.493555812359659e-08,-0.5773542880856908,0.05638422072498637,2.3628182077573e-08,-0.5972257765248417,0.01471509977964353,0,-0.5972257373449542,1.43699035959336,50,0.1,0.3,1
NaN,NaN,NaN,9.625506172903393e-10,-0.4888163121920509,0.4331031597516421,3.796974899058682e-07,-0.4888132473515134,0.5812388896692237,0,-0.4886970466318639,1.170533477116306,1.955744366455292e-08,-0.4880477913092905,0.06206228883763851,7.457757522644215e-09,-0.4888163163689861,0.01488274589229266,2.220446049250313e-16,-0.4888162730051329,3.148814621157543,50,0.1,0.7,1
NaN,NaN,NaN,7.791700732780877e-10,-0.5495982805852698,0.376790301898932,2.136949152922691e-07,-0.54959521447905,0.5043637074862296,0,-0.5495367800113837,0.9112317609336227,2.129379250703778e-08,-0.54894345069081,0.04811934288765143,1.150501094393519e-08,-0.549598286459704,0.01233293913841981,2.220446049250313e-16,-0.5495982201811038,1.536983336580533,50,0.1,0.9,1
NaN,NaN,NaN,5.397991574229935e-09,-0.6529054988015036,0.345400832793392,3.523879287249756e-07,-0.6529036762288809,0.4819032817859295,1.110223024625157e-16,-0.6528296156608866,0.7165863173586222,7.94139487503287e-09,-0.6522461670212585,0.0395867598839466,3.327369224592758e-08,-0.4929931908259867,0.01554955452954121,0,-0.4929931615755984,1.338453713814493,50,0.25,0.1,1
NaN,NaN,NaN,2.240069753401625e-14,-0.7449804526099986,0.3212141052304077,2.013085695758624e-07,-0.7449778424307292,0.4200728278878553,2.220446049250313e-16,-0.7449313884997687,0.7550184335207647,5.708811223748e-08,-0.744625201312979,0.0414697580005709,6.154037501815424e-08,-0.7449804850749493,0.01442549489585552,0,-0.7449804529123292,0.3273886927983157,50,0.25,0.3,1
NaN,NaN,NaN,5.980563272444771e-10,-0.7229081509567929,0.3282748761910803,4.394797241900958e-07,-0.7229066898019809,0.4939322679498391,2.220446049250313e-16,-0.722828993093322,0.75171572958531,8.883001667570056e-09,-0.7224371672851084,0.04408337600002417,4.677257181562311e-08,-0.7229081792580173,0.01596527157915087,0,-0.7229081516816154,0.4190012520597062,50,0.25,0.7,1
NaN,NaN,NaN,1.787396623239005e-08,-0.5878206430899039,0.5601026417100508,3.934669505694601e-07,-0.5878170837092467,0.4943978257356417,0,-0.5877538564407474,1.176847769778088,2.874318338896842e-08,-0.5872625158591205,0.05268920978267929,4.928685148897216e-08,-0.5878207444850607,0.0218215580818264,2.220446049250313e-16,-0.5878206178841268,1.790360046457607,50,0.25,0.9,1
NaN,NaN,NaN,2.364368579064828e-08,-0.5131328370653051,0.5763020137167747,4.133219941807176e-07,-0.51313251934947,0.5777809998051681,1.110223024625157e-16,-0.5130306835662742,1.100633354930986,1.84372224154572e-08,-0.5122513876473778,0.1217926353515811,1.079291100936075e-09,-0.5131328504393244,0.03029410565329878,2.220446049250313e-16,-0.5131328062596787,3.631753230963482,50,0.5,0.1,1
NaN,NaN,NaN,7.192905182235204e-11,-0.6750093481691066,0.3272656012831724,3.013223716560635e-07,-0.6750015338768092,0.4000504448663287,1.110223024625157e-16,-0.6749357035789663,0.7360064581511503,2.344648208918443e-08,-0.6745767058385235,0.04156037752092178,1.668151838885024e-08,-0.6750093564640092,0.0119859418917429,0,-0.6750093454561316,0.4570633385137493,50,0.5,0.3,1
NaN,NaN,NaN,1.021098065726751e-14,-0.729878292297005,0.4062322064795978,2.48081137081012e-07,-0.7298771739463092,0.3659873223291029,2.220446049250313e-16,-0.7298438328676784,0.6408325517399703,1.308253994025677e-08,-0.7295592092321539,0.04190171104757676,2.863961867660691e-08,-0.7298783106535086,0.009657397800060112,1.110223024625157e-16,-0.7298782914492337,0.245734841242152,50,0.5,0.7,1
NaN,NaN,NaN,3.393464481598831e-15,-0.7088080625329956,0.3153393172423272,2.698765925859868e-07,-0.7088065741834491,0.4461935270476614,2.220446049250313e-16,-0.7087511575559614,0.7536315772780615,3.186107533359461e-08,-0.708344171733442,0.04388325789258264,2.555748923604995e-08,-0.7088080789054496,0.01464298174469763,1.110223024625157e-16,-0.708808054195744,0.3398802160973495,50,0.5,0.9,1
NaN,NaN,NaN,1.458801162019555e-08,-0.5482943543853914,0.4587567908003063,3.018923782749685e-07,-0.5482937153721543,0.4585328850687727,0,-0.5482046746447551,0.9528136605906278,2.273579102762824e-08,-0.5476628091589304,0.04493519949132242,4.369777872881286e-08,-0.5482944561235694,0.01141050793751482,0,-0.5482944046206295,1.350135702731725,50,1,0.1,1
NaN,NaN,NaN,4.222679387913998e-11,-0.6958050302703233,0.3263590284983288,3.05625825592524e-07,-0.6957929098009101,0.4539603751044012,0,-0.6957222860441253,0.8055263559323314,3.953541272139205e-09,-0.6951667051194274,0.03528912913130618,2.272820776028084e-08,-0.6958050438532046,0.05404472677459451,2.220446049250313e-16,-0.6958050054226541,1.023314892260942,50,1,0.3,1
NaN,NaN,NaN,1.565685572337915e-09,-0.7392334581196831,0.3083861569620712,2.239840519364935e-07,-0.7392322903289967,0.3366432113141492,0,-0.7391933174441967,0.8346771453038699,4.064190051167316e-08,-0.7389555365245469,0.04278638411500221,1.487311873660246e-08,-0.7392334677434449,0.0104824130165879,0,-0.7392334476462634,0.2382092676583463,50,1,0.7,1
NaN,NaN,NaN,1.104428611007078e-15,-0.7482744790792497,0.3065824509257539,2.306331960991217e-07,-0.7482727242853902,0.3801065987624394,2.220446049250313e-16,-0.7482355489455051,0.7460822160701637,2.145620903171164e-08,-0.7478907108982213,0.04422157076855925,8.627245540182571e-08,-0.748274534247648,0.01576779654105291,0,-0.7482744789569324,0.3956308553425493,50,1,0.9,1
NaN,NaN,NaN,2.797822407896973e-12,-0.7745570906934828,0.3512016148398526,4.463459222985851e-07,-0.7745563932142765,0.3775832227020022,2.220446049250313e-16,-0.7745036323797753,0.7132934305378722,1.103028846038967e-08,-0.7738621942044921,0.03814968532371558,7.075999342021078e-09,-0.7745570944224397,0.01060701485707036,1.110223024625157e-16,-0.7745570864055406,0.366044337110657,50,2,0.1,1
NaN,NaN,NaN,2.96544560454263e-12,-0.8088775128593599,0.3435189674207721,3.072274465314925e-07,-0.8088772418640038,0.4251112732193642,2.220446049250313e-16,-0.8088393257286262,0.5905874259374212,1.5077052717416e-08,-0.8084014957242616,0.04341505703743644,2.925258457686652e-08,-0.8088775313918338,0.009959085286561578,0,-0.8088775128651146,0.3577775713666481,50,2,0.3,1
NaN,NaN,NaN,4.623327019413192e-11,-0.8428657420946518,0.2926663132505373,4.551028264796146e-07,-0.8428630298697328,0.4064814101605627,2.220446049250313e-16,-0.8428243914839342,0.6173824853611717,7.241943666969064e-08,-0.8414195962664635,0.0372993721577565,1.607073585319085e-08,-0.842865750785624,0.01149999471386131,1.110223024625157e-16,-0.842865741279434,0.3716057325908574,50,2,0.7,1
NaN,NaN,NaN,4.580611911311468e-16,-0.9445454685609469,0.2751163328092505,2.355494240980182e-07,-0.9445445895445668,0.4159481293865512,2.220446049250313e-16,-0.9445312653383893,0.474879136214732,3.541175708221544e-08,-0.9438520308357644,0.03811834607292757,7.401409529705916e-08,-0.9445455375813192,0.008134612276830553,2.220446049250313e-16,-0.9445454685665432,0.3629825300668017,50,2,0.9,1
